20251022;25.36;25.56;25.65;25.3;3528688;90099607;0.74;0.87;0.220
20251021;25.32;25.34;25.41;25.3;1991460;50522644;0.42;0.2;0.050
20251020;25.16;25.29;25.33;25.11;2063238;52034942;0.43;0.52;0.130
20251017;25.39;25.16;25.47;25.12;2427460;61382744;0.51;-0.91;-0.230
20251016;25.38;25.39;25.48;25.3;2491170;63288990;0.52;0.08;0.020
20251015;25.21;25.37;25.42;25.2;2621233;66449196;0.55;0.28;0.070
20251014;25.2;25.3;25.35;25.14;3161433;79875936;0.66;0.56;0.140
20251013;25.08;25.16;25.18;24.92;2873530;72039419;0.6;-0.87;-0.220
20251010;25.18;25.38;25.46;25.15;3067710;77734294;0.64;0.44;0.110
20251009;25.04;25.27;25.3;25.02;3093840;77862888;0.65;1.08;0.270
20250930;25.0;25.0;25.06;24.92;1990855;49797943;0.42;0.04;0.010
20250929;24.97;24.99;25.06;24.78;2314881;57675226;0.48;0.08;0.020
20250926;25.11;24.97;25.15;24.95;2720814;68026990;0.57;-0.76;-0.190
20250925;25.35;25.16;25.35;25.07;3102759;78079319;0.65;-0.79;-0.200
20250924;25.18;25.36;25.37;25.16;2914176;73692931;0.61;0.28;0.070
20250923;25.49;25.29;25.49;24.92;5679344;142979186;1.19;-0.82;-0.210
20250922;25.96;25.5;26.29;25.44;6973148;179820174;1.46;-1.51;-0.390
20250919;26.85;25.89;26.91;25.81;11209058;292630506;2.34;-1.89;-0.500
20250918;25.78;26.39;26.82;25.69;15339853;404127751;3.21;2.45;0.630
20250917;25.84;25.76;25.89;25.57;3276559;84452198;0.69;-0.27;-0.070
20250916;25.72;25.83;26.24;25.72;3161832;81752703;0.66;0.35;0.090
20250915;25.74;25.74;25.79;25.58;2317450;59522177;0.48;-0.08;-0.020
20250912;25.78;25.76;25.87;25.71;3157348;81417808;0.66;-0.12;-0.030
20250911;25.65;25.79;25.85;25.51;3865374;99204062;0.81;0.39;0.100
20250910;25.74;25.69;25.85;25.66;2203020;56672895;0.46;-0.5;-0.130
20250909;25.87;25.82;25.95;25.67;3324386;85792716;0.7;-0.23;-0.060
20250908;25.58;25.88;25.94;25.55;5084303;131108439;1.06;1.45;0.370
20250905;25.52;25.51;25.58;25.31;3630134;92453731;0.76;0.12;0.030
20250904;25.4;25.48;25.54;25.26;3780963;96085191;0.79;0.51;0.130
20250903;25.76;25.35;25.82;25.32;4023213;102587334;0.84;-1.52;-0.390
20250902;25.85;25.74;25.95;25.57;4113612;105913105;0.86;-0.35;-0.090
20250901;25.86;25.83;25.88;25.65;3779130;97505541;0.79;0.12;0.030
20250829;25.63;25.8;25.9;25.61;5121909;132144093;1.07;0.7;0.180
20250828;25.76;25.62;25.93;25.28;6011973;154026689;1.26;-0.54;-0.140
20250827;26.28;25.76;26.36;25.68;7719041;200882990;1.61;-1.9;-0.500
20250826;26.16;26.26;26.35;26.03;5102867;133880333;1.07;0.38;0.100
20250825;26.01;26.16;26.19;25.95;6638076;173098744;1.39;0.73;0.190
20250822;25.94;25.97;26.01;25.81;4566110;118224772;0.96;-0.04;-0.010
20250821;26.02;25.98;26.1;25.89;5865173;152477324;1.23;-0.04;-0.010
20250820;25.78;25.99;26.0;25.65;3769540;97317045;0.79;0.46;0.120
20250819;25.87;25.87;26.03;25.81;4399305;114094473;0.92;0.0;0.000
20250818;25.95;25.87;25.99;25.78;5351970;138604035;1.12;0.19;0.050
20250815;25.62;25.82;25.87;25.58;4293570;110588312;0.9;0.9;0.230
20250814;25.8;25.59;25.94;25.55;4261040;109696185;0.89;-0.7;-0.180
20250813;25.77;25.77;25.84;25.63;3622180;93238334;0.76;0.12;0.030
20250812;25.72;25.74;26.01;25.7;4618460;119286128;0.97;0.04;0.010
20250811;25.6;25.73;25.74;25.55;2950693;75703515;0.62;0.63;0.160
20250808;25.56;25.57;25.66;25.5;2357620;60300249;0.49;0.04;0.010
20250807;25.67;25.56;25.76;25.53;3015390;77223392;0.63;-0.43;-0.110
20250806;25.79;25.67;25.81;25.57;3459134;88701096;0.72;-0.5;-0.130
20250805;25.81;25.8;25.88;25.68;2791590;71934230;0.58;0.0;0.000
20250804;25.61;25.8;25.9;25.5;3663531;94014735;0.77;0.12;0.030
20250801;25.53;25.77;25.96;25.48;5503120;141923707;1.15;1.18;0.300
20250731;25.85;25.47;25.9;25.39;5622570;143946425;1.18;-1.74;-0.450
20250730;25.79;25.92;26.25;25.68;7213821;187739911;1.51;0.62;0.160
20250729;25.76;25.76;25.78;25.42;3829553;98032431;0.8;0.39;0.100
20250728;25.81;25.66;25.9;25.61;4079936;104987301;0.85;-0.31;-0.080
20250725;25.85;25.74;26.15;25.74;5970150;154599202;1.25;-0.31;-0.080
20250724;25.55;25.82;25.85;25.49;4844663;124493630;1.01;1.33;0.340
20250723;25.6;25.48;25.85;25.44;6281104;161181812;1.31;-0.23;-0.060
20250722;25.41;25.54;25.55;25.28;4685730;119189981;0.98;0.63;0.160
20250721;25.25;25.38;25.4;25.21;4095841;103712230;0.86;0.48;0.120
20250718;25.17;25.26;25.26;25.09;3438627;86529135;0.72;0.44;0.110
20250717;25.21;25.15;25.3;25.04;2960660;74407643;0.62;-0.2;-0.050
20250716;25.02;25.2;25.21;25.02;3134400;78686285;0.66;0.8;0.200
20250715;25.36;25.0;25.39;24.91;4214160;105599368;0.88;-1.34;-0.340
20250714;25.27;25.34;25.44;25.27;2839902;72014123;0.59;0.16;0.040
20250711;25.22;25.3;25.37;25.18;4306061;108895282;0.9;0.36;0.090
20250710;25.04;25.21;25.22;25.03;3608088;90736724;0.75;0.76;0.190
20250709;25.04;25.02;25.15;24.98;2897241;72627737;0.61;-0.08;-0.020
20250708;25.0;25.04;25.1;24.94;2964134;74154052;0.62;0.08;0.020
20250707;25.02;25.02;25.12;25.0;2104670;52709125;0.44;-0.04;-0.010
20250704;25.05;25.03;25.16;24.98;2716390;68090028;0.57;-0.08;-0.020
20250703;25.11;25.05;25.18;24.96;2595670;65100367;0.54;-0.24;-0.060
20250702;24.97;25.11;25.12;24.91;2429716;60744599;0.51;0.56;0.140
20250701;24.89;24.97;25.02;24.86;2560960;63895363;0.54;0.16;0.040
20250630;24.87;24.93;24.98;24.8;2364044;58914836;0.49;0.24;0.060
20250627;24.82;24.87;24.97;24.82;1741659;43362956;0.36;0.28;0.070
20250626;24.8;24.8;24.85;24.72;1882011;46686186;0.39;0.04;0.010
20250625;24.65;24.79;24.82;24.55;3012092;74347869;0.63;0.73;0.180
20250624;24.82;24.98;25.02;24.81;3137519;78244569;0.66;0.64;0.160
20250623;24.75;24.82;24.91;24.61;1581333;39150392;0.33;-0.08;-0.020
20250620;24.82;24.84;24.95;24.81;1598270;39746570;0.33;0.12;0.030
20250619;25.03;24.81;25.11;24.73;2442250;60766081;0.51;-1.04;-0.260
20250618;25.29;25.07;25.29;25.01;1953880;49028066;0.41;-0.95;-0.240
20250617;25.35;25.31;25.48;25.21;1946780;49300417;0.41;0.04;0.010
20250616;25.34;25.3;25.49;25.22;3255500;82428854;0.68;-0.71;-0.180
20250613;25.86;25.48;26.09;25.48;4233891;108900054;0.89;-1.66;-0.430
20250612;25.9;25.91;26.16;25.79;3613030;93743919;0.76;-0.08;-0.020
20250611;26.0;25.93;26.19;25.73;6335346;164224753;1.33;-0.61;-0.160
20250610;25.55;26.09;26.63;25.39;10406910;270641272;2.18;2.31;0.590
20250609;25.4;25.5;25.58;25.3;2691354;68624660;0.56;0.47;0.120
20250606;25.45;25.38;25.5;25.34;1434077;36448398;0.3;-0.24;-0.060
20250605;25.77;25.44;25.79;25.37;2652780;67702037;0.55;-1.28;-0.330
20250604;25.55;25.77;25.87;25.43;4173714;107088093;0.87;0.78;0.200
20250603;25.24;25.57;25.61;25.16;2908770;73996741;0.61;0.95;0.240
20250530;25.1;25.33;25.43;25.06;3010810;76170942;0.63;0.68;0.170
20250529;25.03;25.16;25.18;24.95;1961645;49238204;0.41;0.4;0.100
20250528;25.2;25.06;25.2;24.97;1851530;46374856;0.39;-0.63;-0.160
20250527;24.98;25.22;25.55;24.9;3052441;76720671;0.64;0.96;0.240
20250526;25.15;24.98;25.18;24.9;2440956;61050108;0.51;-0.75;-0.190
20250523;25.17;25.17;25.44;25.14;2697730;68247366;0.56;0.08;0.020
20250522;25.57;25.15;25.58;25.13;3316570;83884248;0.69;-1.68;-0.430
20250521;25.5;25.58;25.82;25.5;3837970;98598416;0.8;0.39;0.100
20250520;25.1;25.48;25.69;25.1;4275387;108847871;0.89;1.31;0.330
20250519;25.03;25.15;25.17;24.91;2042541;51171884;0.43;0.52;0.130
20250516;25.02;25.02;25.1;24.9;1884839;47091711;0.39;0.0;0.000
20250515;25.08;25.02;25.2;24.95;2682517;67260514;0.56;-0.4;-0.100
20250514;25.11;25.12;25.18;24.9;2255572;56496475;0.47;0.08;0.020
20250513;25.15;25.1;25.22;25.01;3275000;82206184;0.69;0.12;0.030
20250512;24.92;25.07;25.12;24.8;2410831;60066102;0.5;0.76;0.190
20250509;24.94;24.88;24.97;24.78;1761223;43819218;0.37;0.04;0.010
20250508;24.72;24.87;24.95;24.66;2534763;62974558;0.53;0.36;0.090
20250507;24.9;24.78;24.93;24.71;2661580;65985198;0.56;0.24;0.060
20250506;24.57;24.72;24.73;24.55;3172030;78253530;0.66;0.82;0.200
20250430;24.6;24.52;24.61;24.48;1662260;40795947;0.35;-0.04;-0.010
20250429;24.46;24.53;24.63;24.46;1600449;39280117;0.33;0.25;0.060
20250428;24.65;24.47;24.69;24.43;2341429;57384156;0.49;-0.69;-0.170
20250425;24.69;24.64;24.75;24.58;1819905;44879066;0.38;0.41;0.100
20250424;24.54;24.54;24.77;24.52;2293600;56508561;0.48;-0.08;-0.020
20250423;24.77;24.56;24.81;24.52;2022350;49780630;0.42;-0.57;-0.140
20250422;24.5;24.7;24.75;24.49;2098320;51780575;0.44;0.57;0.140
20250421;24.51;24.56;24.62;24.41;1435650;35217276;0.3;0.08;0.020
20250418;24.43;24.54;24.65;24.38;2493781;61221380;0.52;0.33;0.080
20250417;24.43;24.46;24.57;24.36;1443970;35366311;0.3;-0.08;-0.020
20250416;24.6;24.48;24.65;24.25;2212970;54077344;0.46;-0.81;-0.200
20250415;24.53;24.68;24.79;24.48;2560740;63099714;0.54;0.49;0.120
20250414;24.7;24.56;24.7;24.45;3150351;77321562;0.66;0.24;0.060
20250411;24.59;24.5;24.71;24.48;2862084;70369457;0.6;-0.61;-0.150
20250410;24.59;24.65;24.79;24.33;4984570;122602374;1.04;1.32;0.320
20250409;24.25;24.33;24.42;23.92;7015780;169599545;1.47;-1.18;-0.290
20250408;23.9;24.62;24.82;23.9;8017577;195991594;1.68;2.41;0.580
20250407;25.0;24.04;25.24;23.68;8149537;198815295;1.7;-6.97;-1.800
20250403;25.68;25.84;25.99;25.6;2596398;67055538;0.54;0.08;0.020
20250402;25.96;25.82;25.97;25.75;1737990;44926259;0.36;-0.54;-0.140
20250401;25.63;25.96;26.12;25.6;3981070;103294595;0.83;1.45;0.370
20250331;25.66;25.59;25.77;25.44;2623919;67115586;0.55;-0.54;-0.140
20250328;25.93;25.73;25.98;25.68;2279926;58839848;0.48;-0.81;-0.210
20250327;25.91;25.94;25.99;25.65;2855370;73882708;0.6;0.12;0.030
20250326;25.92;25.91;26.06;25.88;2388112;62004183;0.5;-0.31;-0.080
20250325;25.88;25.99;26.09;25.72;2692421;69724681;0.56;0.39;0.100
20250324;26.01;25.89;26.12;25.62;3546587;91723672;0.74;-0.58;-0.150
20250321;26.29;26.04;26.45;25.93;3232594;84682396;0.68;-0.88;-0.230
20250320;26.5;26.27;26.54;26.26;3391090;89384227;0.71;-1.17;-0.310
20250319;26.45;26.58;26.69;26.38;4394265;116494052;0.92;0.42;0.110
20250318;26.5;26.47;26.57;26.27;3933378;103983640;0.82;-0.6;-0.160
20250317;26.69;26.63;26.8;26.48;3932810;104668260;0.82;-0.15;-0.040
20250314;26.29;26.67;26.69;26.24;6059110;160864566;1.27;0.98;0.260
20250313;26.34;26.41;26.58;26.15;4204130;111042840;0.88;0.27;0.070
20250312;26.48;26.34;26.49;26.26;2631516;69335700;0.55;-0.3;-0.080
20250311;26.33;26.42;26.48;26.09;3578970;94122020;0.75;-0.26;-0.070
20250310;25.89;26.49;26.56;25.85;7456168;195699694;1.56;2.67;0.690
20250307;25.89;25.8;25.94;25.7;2133720;55084392;0.45;-0.62;-0.160
20250306;25.78;25.96;26.04;25.63;3515970;90826120;0.74;0.97;0.250
20250305;25.88;25.71;25.91;25.53;3320230;85120307;0.69;-0.73;-0.190
20250304;25.9;25.9;25.97;25.79;2308876;59743535;0.48;-0.35;-0.090
20250303;25.92;25.99;26.32;25.89;3866364;100843076;0.81;0.08;0.020
20250228;26.03;25.97;26.42;25.88;5039014;131742940;1.05;-0.61;-0.160
20250227;25.83;26.13;26.18;25.61;4312730;111450736;0.9;1.12;0.290
20250226;25.7;25.84;25.94;25.7;3303732;85219364;0.69;0.54;0.140
20250225;25.95;25.7;25.95;25.63;2659090;68450273;0.56;-0.96;-0.250
20250224;25.83;25.95;26.0;25.69;3008981;77814616;0.63;0.46;0.120
20250221;25.97;25.83;26.16;25.69;3605880;93045204;0.75;-0.81;-0.210
20250220;25.88;26.04;26.25;25.85;3210440;83636797;0.67;0.54;0.140
20250219;25.82;25.9;25.94;25.6;2601500;67093555;0.54;0.27;0.070
20250218;26.06;25.83;26.21;25.71;3906420;101336385;0.82;-1.26;-0.330
20250217;26.56;26.16;26.59;26.04;5034704;132487208;1.05;-0.61;-0.160
20250214;26.25;26.32;26.59;26.23;4127750;108968220;0.86;0.11;0.030
20250213;26.28;26.29;26.48;26.13;3911191;102998484;0.82;-0.04;-0.010
20250212;26.15;26.3;26.3;26.0;2996260;78406839;0.63;0.27;0.070
20250211;26.45;26.23;26.46;26.0;3400845;89025695;0.71;-0.46;-0.120
20250210;26.02;26.35;26.41;26.02;5032362;132094705;1.05;1.35;0.350
20250207;25.86;26.0;26.28;25.76;5814814;151312579;1.22;0.46;0.120
20250206;25.74;25.88;25.89;25.45;3966630;101962220;0.83;0.39;0.100
20250205;25.85;25.78;25.9;25.57;3138052;80831910;0.66;0.23;0.060
20250127;25.5;25.72;25.9;25.5;3769358;97087363;0.79;1.06;0.270
20250124;25.37;25.45;25.66;25.28;4400474;112073845;0.92;-0.04;-0.010
20250123;25.68;25.46;25.79;25.45;3526450;90380234;0.74;0.12;0.030
20250122;25.5;25.43;25.51;25.22;2772449;70243197;0.58;-0.66;-0.170
20250121;25.52;25.6;25.83;25.4;6152894;157621942;1.29;0.71;0.180
20250120;25.74;25.42;25.74;24.89;10892657;275526866;2.28;-2.83;-0.740
20250117;26.32;26.16;26.32;26.07;5814136;152234987;1.22;-0.83;-0.220
20250116;26.62;26.38;26.87;26.23;5235185;139005470;1.1;-0.83;-0.220
20250115;26.71;26.6;26.75;26.51;3462570;92101237;0.72;-0.97;-0.260
20250114;26.31;26.86;26.86;26.22;6712928;177994789;1.4;2.21;0.580
20250113;26.08;26.28;26.38;25.99;2564617;67192897;0.54;0.27;0.070
20250110;26.85;26.21;26.94;26.15;4337220;115008704;0.91;-2.57;-0.690
20250109;26.95;26.9;27.06;26.68;3336983;89775617;0.7;-0.7;-0.190
20250108;27.31;27.09;27.55;26.64;3847740;104202030;0.8;-1.28;-0.350
20250107;27.91;27.44;27.91;27.01;4289192;117282331;0.9;-1.68;-0.470
20250106;27.8;27.91;28.2;27.49;3375599;94019197;0.71;0.5;0.140
20250103;28.42;27.77;28.74;27.57;4084583;115037540;0.85;-1.94;-0.550
20250102;29.08;28.32;29.44;28.11;5029976;144522133;1.05;-3.18;-0.930